2553.66,
2361.75,
718.9,
1395.61,
2264.04,
7209.72,
3109.12,
11508.3,
2419.56,
1927.36,
3748.55,
820.75,
223.86,
7022.7,
365.82,
11778.24,
2146.48,
5160.0,
114.48,
101.5,
97.6,
554.0,
225.55,
1445.58,
1706.49,
329.67,
2581.84,
2032.38,
209.3,
38.1,
214.32,
6183.8,
9513.3,
378.12,
8023.68,
42.3,
440.32,
2309.96,
912.72,
4317.91,
6903.36,
3.39,
2040.16,
587.34,
4880.4,
2932.46,
745.58,
2069.68,
4081.12,
2270.52,
1416.6,
240.96,
4377.36,
357.12,
132.13,
437.06,
2076.51,
129.6,
182.28,
1797.0,
165.06,
6838.92,
89.34,
1755.65,
80.56,
1901.9,
683.6,
2095.51,
2177.28,
509.34,
2538.27,
61.38,
20.4,
1536.36,
2040.68,
2777.61,
141.3,
30.9,
46.27,
1657.88,
16.2,
976.62,
2549.56,
636.6,
91.56,
10.88,
1374.1,
3086.86,
1206.0,
6012.56,
10739.52,
298.08,
5068.44,
4580.68,
791.01,
1074.48,
2238.04,
2652.75,
5535.53,
2868.74,
57.4,
2249.68,
4107.74,
2549.28,
4525.91,
113.61,
1405.8,
2206.2,
80.08,
1208.64,
5787.02,
1614.0,
2402.36,
3667.68,
2051.24,
5777.4,
5758.2,
1936.62,
23.41,
11541.5,
178.44,
1449.3,
4131.05,
1750.73,
11.07,
4733.82,
24.48,
1976.52,
784.2,
1967.84,
1032.36,
1276.96,
641.21,
3529.99,
400.8,
4972.8,
3436.53,
1685.88,
1523.29,