3503.9251072000006
2119.2266664000003, 
1953.3248471999998, 
1641.8357568000001, 
1668.0292745999998, 
1390.1676408, 
1408.5155391999997, 
1332.5104224, 
1287.092618, 
1222.9279711000001,
970.8468396, 
979.2839662000001, 
1035.7631585, 
1169.8869588000002, 
883.263612, 
1022.2882497, 
760.5517546, 
665.1685952, 
575.6480535000001, 
477.57191220000004, 
417.67815999999993, 
538.5652299999999, 
550.3120402999999, 
415.43924460000005, 
405.4873884, 
394.13930159999995, 
533.6899170000002, 
530.1176717000001, 
442.2429279, 
315.7677619, 
383.8003076, 
414.8231771999999, 
421.00364790000003, 
269.5559253, 
438.9859255, 
264.93751960000003, 
290.15048010000004, 
329.9582835, 
330.2983516, 
396.1189908, 
354.9499875, 
282.686196, 
249.60638999999998, 
287.6338985, 
311.31834339999995, 
253.49365930000002, 
341.41254569999995, 
260.7811822, 
346.3185209, 
291.296334, 
267.9674985, 
349.42874400000005, 
295.5702312, 
340.70559610000004, 
301.896135, 
264.92237510000007, 
326.97825100000006, 
242.95827780000002, 
265.16692479999995, 
286.404285, 
269.5505912, 
272.869766, 
265.64260320000005, 
305.65836470000005, 
271.68217180000005, 
227.1154178, 
304.0232481, 
270.600055, 
229.6198989, 
228.4619589, 
235.70725750000003, 
210.31095799999997, 
244.61355079999998, 
217.38991509999997, 
294.8952982, 
237.35703959999995, 
282.3016455, 
292.92064200000004, 
313.5589184, 
261.04168400000003, 
139.9982556, 
200.8796541, 
227.4607053, 
182.006649, 
195.42867419999996, 
204.57178990000003, 
244.1829779, 
263.5940228, 
171.95584119999998, 
213.1380875, 
260.9291961, 
267.1176633, 
256.5658, 
243.0706936, 
200.1660948, 
225.2047367, 
237.1950975, 
252.76752000000002, 
179.18451029999997, 
216.4092816, 
172.2270715, 
181.43576819999998, 
202.16473549999998, 
232.041405, 
222.032592, 
239.4983671, 
199.362009, 
175.0915484, 
177.8663973, 
168.67923519999997, 
220.08674480000002, 
206.18719800000002, 
182.46049440000002, 
235.388296, 
200.01071879999998, 
214.340994, 
237.52729979999998, 
192.44602740000002, 
174.782658, 
235.77600689999997, 
202.445873, 
183.7601408, 
213.7900575, 
219.14412520000002, 
163.768394, 
214.50401119999998, 
171.87965119999998, 
178.48140800000002, 
172.9005532, 
183.1897716, 
162.92416350000002, 
148.72177800000003, 
142.84761920000003, 
199.11251509999997, 
164.5311886, 
201.668025, 
188.176716, 
203.81493039999998, 
175.7459748,